 | Abstract services| #concrete service  | W0 	 	 | W1 	| W2 	 	| W3 	 	| W4 	 	 |
 | AS14280 			|  2 				 |   567 	 |567 	|  566  	|   567 	|  567 	     |
 | AS15830 			|  10 				 |   2462 	 |2462 	|  2462  	|   2462 	|  2462 	 | 
 | AS31034 			|  29 				 |   1832 	 |1832 	|  1832  	|   1832 	|  1832 	 | 
 | AS13130 			|  1 				 |   1453 	 |1453 	|  1453  	|   1453 	|  1453 	 | 
 | AS29432 			|  1 				 |   1046 	 |1046 	|  1046  	|   1046 	|  1046 	 | 
 | AS20940 			|  1 				 |   4197 	 |4197 	|  4197  	|   4197 	|  4197 	 | 
 | AS8103 			|  2 				 |   3643 	 |3643 	|  3643  	|   3643 	|  3643 	 | 
 | AS21788 			|  4 				 |   4392 	 |4392 	|  4392  	|   4392 	|  4392 	 | 
 | AS11802 			|  1 				 |   173 	 |173 	|  173  	|   173 	|  173 	     |
 | AS34004 			|  1 				 |   1580 	 |1580 	|  1580  	|   1580 	|  1580 	 | 
 | AS3741 			|  1 				 |   2363 	 |2363 	|  2363  	|   2363 	|  2363 	 | 
 | AS9822 			|  8 				 |   28 	 |28 	|  28  	    |   28 	    |  28 	     |
 | AS9829 			|  2 				 |   1559 	 |1565 	|  1559  	|   1559 	|  1559 	 | 
 | AS6360 			|  3 				 |   3723 	 |3725 	|  3723  	|   3723 	|  3723 	 | 
 | AS9299 			|  30 				 |   2146 	 |2146 	|  2146  	|   2146 	|  2146 	 | 
 | AS29650 			|  2 				 |   1586 	 |1586 	|  1583  	|   1586 	|  1586 	 | 
 | AS20141 			|  2 				 |   2253 	 |2253 	|  2253  	|   2253 	|  2253 	 | 
 | AS2907 			|  1 				 |   1888 	 |1888 	|  1888  	|   1888 	|  1888 	 | 
 | AS3598 			|  10 				 |   1948 	 |1948 	|  1948  	|   1948 	|  1948 	 | 
 | AS35732 			|  1 				 |   3114 	 |3114 	|  3114  	|   3114 	|  3114 	 | 
 | AS21499 			|  1 				 |   1429 	 |1429 	|  1429  	|   1429 	|  1429 	 | 
 | AS4766 			|  9 				 |   2237 	 |2237 	|  2226  	|   2237 	|  2237 	 | 
 | AS4768 			|  2 				 |   2054 	 |2054 	|  2053  	|   2054 	|  2054 	 | 
 | AS10223 			|  1 				 |   71 	 |71 	|  71  	    |   71  	|  71   	 |
 | AS39217 			|  1 				 |   1814 	 |1814 	|  1814  	|   1814 	|  1814 	 | 
 | AS3340 			|  1 				 |   1526 	 |1526 	|  1526  	|   1526 	|  1526 	 | 
 | AS39193 			|  1 				 |   1042 	 |1042 	|  1042  	|   1042 	|  1042 	 | 
 | AS20718 			|  1 				 |   2429 	 |2429 	|  2429  	|   2429 	|  2429 	 | 
 | AS32392 			|  1 				 |   839 	 |839 	|  839  	|   839 	|  839 	     |
 | AS7296 			|  10 				 |   4432 	 |4432 	|  4432  	|   4432 	|  4432 	 | 
 | AS6829 			|  1 				 |   2116 	 |2116 	|  2116  	|   2116 	|  2116 	 | 
 | AS3527 			|  1 				 |   4369 	 |4369 	|  4369  	|   4369 	|  4369 	 | 
 | AS16941 			|  2 				 |   580 	 |580 	|  580  	|   580 	|  580 	     |
 | AS3288 			|  2 				 |   1622 	 |1623 	|  1622  	|   1622 	|  1622 	 | 
 | AS21568 			|  1 				 |   4290 	 |4290 	|  4290  	|   4290 	|  4290 	 | 
 | AS2833 			|  3 				 |   2468 	 |2468 	|  2468  	|   2468 	|  2468 	 | 
 | AS21409 			|  7 				 |   1136 	 |1136 	|  1136  	|   1136 	|  1136 	 | 
 | AS17964 			|  1 				 |   812 	 |812 	|  812  	|   812 	|  812 	     |
 | AS23498 			|  2 				 |   542 	 |542 	|  542  	|   542 	|  542 	     |
 | AS6744 			|  1 				 |   1504 	 |1504 	|  1504  	|   1504 	|  1504 	 | 
 | AS42695 			|  2 				 |   2503 	 |2504 	|  2503  	|   2504 	|  2503 	 | 
 | AS20284 			|  8 				 |   1554 	 |1554 	|  1547  	|   1554 	|  1554 	 | 
 | AS22576 			|  1 				 |   3680 	 |3680 	|  3680  	|   3680 	|  3680 	 | 
 | AS297 			|  1 				 |   3910 	 |3910 	|  3910  	|   3910 	|  3910 	 | 
 | AS42915 			|  3 				 |   1590 	 |1590 	|  1588  	|   1590 	|  1590 	 | 
 | AS12810 			|  1 				 |   910 	 |910 	|  910  	|   910 	|  910 	     |
 | AS11329 			|  12 				 |   4281 	 |4281 	|  4281  	|   4281 	|  4281 	 | 
 | AS6487 			|  1 				 |   1507 	 |1507 	|  1507  	|   1507 	|  1507 	 | 
 | AS852 			|  7 				 |   4125 	 |4126 	|  533  	|   4125 	|  4125 	 | 
 | AS20218 			|  1 				 |   2112 	 |2112 	|  2112  	|   2112 	|  2112 	 | 
 | AS24867 			|  1 				 |   1019 	 |1019 	|  1019  	|   1019 	|  1019 	 | 
 | AS10954 			|  2 				 |   187 	 |187 	|  187  	|   187 	|  187 	     |
 | AS8586 			|  5 				 |   3019 	 |3019 	|  3019  	|   3019 	|  3019 	 | 
 | AS41186 			|  1 				 |   1199 	 |1199 	|  1199  	|   1199 	|  1199 	 | 
 | AS679 			|  3 				 |   103 	 |103 	|  103  	|   103 	|  103 	     |
 | AS45753 			|  1 				 |   800 	 |800 	|  800  	|   800 	|  800 	     |
 | AS44112 			|  1 				 |   2285 	 |2285 	|  2285  	|   2285 	|  2285 	 | 
 | AS24940 			|  6 				 |   896 	 |896 	|  896  	|   896 	|  896 	     |
 | AS22047 			|  2 				 |   612 	 |613 	|  612  	|   612 	|  612 	     |
 | AS14701 			|  1 				 |   4045 	 |4045 	|  4045  	|   4045 	|  4045 	 | 
 | AS15793 			|  1 				 |   2518 	 |2518 	|  2518  	|   2518 	|  2518 	 | 
 | AS11398 			|  3 				 |   3533 	 |3533 	|  3533  	|   3533 	|  3533 	 | 
 | AS26611 			|  1 				 |   4490 	 |4490 	|  4490  	|   4490 	|  4490 	 | 
 | AS21396 			|  1 				 |   3094 	 |3094 	|  3094  	|   3094 	|  3094 	 | 
 | AS12788 			|  1 				 |   2672 	 |2672 	|  2672  	|   2672 	|  2672 	 | 
 | AS19262 			|  14 				 |   3900 	 |3900 	|  3900  	|   3900 	|  3900 	 | 
 | AS20860 			|  4 				 |   2357 	 |2357 	|  2357  	|   2357 	|  2357 	 | 
 | AS25563 			|  3 				 |   2571 	 |2571 	|  2571  	|   2571 	|  2571 	 | 
 | AS271 			|  17 				 |   527 	 |527 	|  527  	|   527 	|  527 	     |
 | AS174 			|  4 				 |   3615 	 |3615 	|  3615  	|   3615 	|  3615 	 | 
 | AS33070 			|  13 				 |   4154 	 |4154 	|  4154  	|   4154 	|  4154 	 | 
 | AS11172 			|  4 				 |   1904 	 |1904 	|  1904  	|   1904 	|  1904 	 | 
 | AS14415 			|  13 				 |   4119 	 |4119 	|  4120  	|   4119 	|  4119 	 | 
 | AS4193 			|  1 				 |   4004 	 |4004 	|  4004  	|   4004 	|  4004 	 | 
 | AS12670 			|  1 				 |   1187 	 |1187 	|  1187  	|   1187 	|  1187 	 | 
 | AS11427 			|  2 				 |   4177 	 |4177 	|  4177  	|   4177 	|  4177 	 | 
 | AS50517 			|  3 				 |   2304 	 |2306 	|  2304  	|   2306 	|  2304 	 | 
 | AS34886 			|  4 				 |   1602 	 |1602 	|  1602  	|   1602 	|  1602 	 | 
 | AS9100 			|  2 				 |   2541 	 |2541 	|  2541  	|   2541 	|  2541 	 | 
 | AS12552 			|  1 				 |   2086 	 |2086 	|  2086  	|   2086 	|  2086 	 | 
 | AS16265 			|  2 				 |   2018 	 |2665 	|  2018  	|   2665 	|  2018 	 | 
 | AS21369 			|  3 				 |   3095 	 |3095 	|  3095  	|   3095 	|  3095 	 | 
 | AS8560 			|  43 				 |   1298 	 |1298 	|  1298  	|   1298 	|  1298 	 | 
 | AS8400 			|  1 				 |   2311 	 |2311 	|  2311  	|   2311 	|  2311 	 | 
 | AS5050 			|  4 				 |   3585 	 |3586 	|  3584  	|   3585 	|  3585 	 | 
 | AS22822 			|  10 				 |   1407 	 |1407 	|  1407  	|   1407 	|  1407 	 | 
 | AS7057 			|  1 				 |   4323 	 |4323 	|  4323  	|   4323 	|  4323 	 | 
 | AS12322 			|  12 				 |   1161 	 |1161 	|  1161  	|   1161 	|  1161 	 | 
 | AS29354 			|  1 				 |   1455 	 |1455 	|  1455  	|   1455 	|  1455 	 | 
 | AS25019 			|  1 				 |   2307 	 |2307 	|  2307  	|   2307 	|  2307 	 | 
 | AS9191 			|  1 				 |   3031 	 |3031 	|  3031  	|   3031 	|  3031 	 | 
 | AS25394 			|  7 				 |   1308 	 |1308 	|  1308  	|   1308 	|  1308 	 | 
 | AS9198 			|  1 				 |   1894 	 |1894 	|  1894  	|   1894 	|  1894 	 | 
 | AS12252 			|  2 				 |   2127 	 |2127 	|  2127  	|   2127 	|  2127 	 | 
 | AS13301 			|  6 				 |   1487 	 |1487 	|  1382  	|   1487 	|  1487 	 | 
 | AS13121 			|  6 				 |   2666 	 |2666 	|  2666  	|   2666 	|  2666 	 | 
 | AS13122 			|  1 				 |   3053 	 |3053 	|  3053  	|   3053 	|  3053 	 | 
 | AS13041 			|  24 				 |   2375 	 |2368 	|  2375  	|   2375 	|  2375 	 | 
 | AS15806 			|  7 				 |   1566 	 |1576 	|  1566  	|   1576 	|  1566 	 | 
 | AS13046 			|  1 				 |   911 	 |911 	|  911  	|   911 	|  911 	     |
 | AS47199 			|  1 				 |   997 	 |997 	|  997  	|   997 	|  997 	     |
 | AS31283 			|  1 				 |   2106 	 |2106 	|  2106  	|   2106 	|  2106 	 | 
 | AS47720 			|  3 				 |   1569 	 |1571 	|  1569  	|   1569 	|  1569 	 | 
 | AS11955 			|  12 				 |   3882 	 |3888 	|  3882  	|   3882 	|  3882 	 | 
 | AS34401 			|  3 				 |   4326 	 |4326 	|  4326  	|   4326 	|  4326 	 | 
 | AS8075 			|  11 				 |   3830 	 |4183 	|  12   	|   4183 	|  3830 	 |
 | AS10429 			|  1 				 |   202 	 |202 	|  202  	|   202 	|  202  	 |
 | AS33821 			|  2 				 |   2256 	 |2258 	|  2256  	|   2256 	|  2256 	 | 
 | AS21155 			|  9 				 |   2013 	 |2013 	|  2013  	|   2013 	|  2013 	 | 
 | AS6799 			|  2 				 |   1499 	 |1499 	|  1499  	|   1499 	|  1499 	 | 
 | AS13601 			|  1 				 |   4273 	 |4273 	|  4273  	|   4273 	|  4273 	 | 
 | AS34086 			|  1 				 |   1436 	 |1436 	|  1436  	|   1436 	|  1436 	 | 
 | AS34087 			|  1 				 |   2107 	 |2107 	|  2107  	|   2107 	|  2107 	 | 
 | AS9287 			|  1 				 |   2623 	 |2623 	|  2623  	|   2623 	|  2623 	 | 
 | AS39451 			|  4 				 |   3017 	 |3017 	|  3017  	|   3017 	|  3017 	 | 
 | AS23148 			|  5 				 |   583 	 |4233 	|  583  	|   4233 	|  583  	 |
 | AS35686 			|  1 				 |   2184 	 |2184 	|  2184  	|   2184 	|  2184 	 | 
 | AS18239 			|  1 				 |   806 	 |806 	|  806  	|   806 	|  806 	     |
 | AS31463 			|  2 				 |   3056 	 |3056 	|  3056  	|   3056 	|  3056 	 | 
 | AS29944 			|  3 				 |   4223 	 |4224 	|  4223  	|   4223 	|  4223 	 | 
 | AS35041 			|  2 				 |   2514 	 |2533 	|  2514  	|   2533 	|  2514 	 | 
 | AS3356 			|  20 				 |   3091 	 |3091 	|  3091  	|   3091 	|  3091 	 | 
 | AS3058 			|  1 				 |   2299 	 |2299 	|  2299  	|   2299 	|  2299 	 | 
 | AS20773 			|  6 				 |   2548 	 |2548 	|  1348  	|   2548 	|  2548 	 | 
 | AS3359 			|  47 				 |   492 	 |492 	|  492  	|   492 	|  492  	 |
 | AS14744 			|  1 				 |   2511 	 |2511 	|  2511  	|   2511 	|  2511 	 | 
 | AS32244 			|  4 				 |   4397 	 |4397 	|  4397  	|   4397 	|  4397 	 | 
 | AS53070 			|  1 				 |   201 	 |201 	|  201  	|   201 	|  201  	 |
 | AS43059 			|  2 				 |   985 	 |985 	|  985  	|   985 	|  985  	 |
 | AS6830 			|  2 				 |   1579 	 |1584 	|  1579  	|   1584 	|  1584 	 | 
 | AS18650 			|  1 				 |   591 	 |591 	|  591  	|   591 	|  591 	     |
 | AS35591 			|  1 				 |   2211 	 |2211 	|  2211  	|   2211 	|  2211 	 | 
 | AS18712 			|  1 				 |   4305 	 |4305 	|  4305  	|   4305 	|  4305 	 | 
 | AS27715 			|  1 				 |   197 	 |197 	|  197  	|   197 	|  197  	 |
 | AS17816 			|  3 				 |   761 	 |761 	|  761  	|   761 	|  761 	     |
 | AS17819 			|  4 				 |   2325 	 |2329 	|  2325  	|   2329 	|  2329 	 | 
 | AS14259 			|  2 				 |   616 	 |616 	|  616  	|   616 	|  616  	 |
 | AS27659 			|  1 				 |   611 	 |611 	|  611  	|   611 	|  611 	     |
 | AS7050 			|  4 				 |   4201 	 |4201 	|  4198  	|   4201 	|  4201 	 | 
 | AS21470 			|  1 				 |   3093 	 |3093 	|  3093  	|   3093 	|  3093 	 | 
 | AS16814 			|  2 				 |   13 	 |13 	|  13     	|   13  	|  13   	 |
 | AS46989 			|  1 				 |   4104 	 |4104 	|  4104  	|   4104 	|  4104 	 | 
 | AS27437 			|  3 				 |   4047 	 |4050 	|  4047  	|   4047 	|  4047 	 | 
 | AS6739 			|  3 				 |   2426 	 |2426 	|  2426  	|   2426 	|  2426 	 | 
 | AS21502 			|  4 				 |   1082 	 |1082 	|  1082  	|   1082 	|  1082 	 | 
 | AS8897 			|  5 				 |   3135 	 |3135 	|  3135  	|   3135 	|  3135 	 | 
 | AS8893 			|  2 				 |   114 	 |114 	|  114  	|   114 	|  114  	 |
 | AS3549 			|  2 				 |   2448 	 |2448 	|  2448  	|   2448 	|  2448 	 | 
 | AS1680 			|  2 				 |   1628 	 |1628 	|  1628  	|   1628 	|  1628 	 | 
 | AS48347 			|  3 				 |   2271 	 |2273 	|  2271  	|   2273 	|  2271 	 | 
 | AS25653 			|  1 				 |   2361 	 |2361 	|  2361  	|   2361 	|  2361 	 | 
 | AS7303 			|  1 				 |   8 	     |8 	|  8     	|   8   	|  8    	 |
 | AS8437 			|  1 				 |   118 	 |118 	|  118  	|   118 	|  118  	 |
 | AS24875 			|  1 				 |   2005 	 |2005 	|  2005  	|   2005 	|  2005 	 | 
 | AS8677 			|  1 				 |   1193 	 |1193 	|  1193  	|   1193 	|  1193 	 | 
 | AS19855 			|  3 				 |   3652 	 |3653 	|  3652  	|   3652 	|  3652 	 | 
 | AS2669 			|  1 				 |   553 	 |553 	|  553  	|   553 	|  553  	 |
 | AS15146 			|  5 				 |   3532 	 |3532 	|  3532  	|   3532 	|  3532 	 | 
 | AS24971 			|  4 				 |   949 	 |949 	|  949  	|   949 	|  949  	 |
 | AS8771 			|  1 				 |   2314 	 |2314 	|  2314  	|   2314 	|  2314 	 | 
 | AS766 			|  11 				 |   2366 	 |2366 	|  2366  	|   2366 	|  2366 	 | 
 | AS760 			|  3 				 |   90 	 |92 	|  90    	|   92  	|  90   	 |
 | AS23650 			|  22 				 |   625 	 |853 	|  625  	|   625 	|  625  	 |
 | AS14492 			|  5 				 |   4084 	 |4084 	|  4084  	|   4084 	|  4084 	 | 
 | AS8737 			|  13 				 |   1940 	 |1940 	|  1932  	|   1940 	|  1940 	 | 
 | AS6461 			|  43 				 |   3321 	 |3321 	|  3321  	|   3321 	|  3321 	 | 
 | AS19019 			|  1 				 |   4313 	 |4313 	|  4313  	|   4313 	|  4313 	 | 
 | AS19574 			|  4 				 |   1463 	 |1463 	|  1463  	|   1463 	|  1463 	 | 
 | AS36066 			|  2 				 |   3752 	 |3752 	|  3752  	|   3752 	|  3752 	 | 
 | AS41045 			|  2 				 |   984 	 |984 	|  984  	|   984 	|  984 	     |
 | AS2687 			|  1 				 |   2057 	 |2057 	|  2057  	|   2057 	|  2057 	 | 
 | AS1267 			|  1 				 |   1800 	 |1800 	|  1800  	|   1800 	|  1800 	 | 
 | AS19271 			|  18 				 |   4009 	 |4009 	|  4009  	|   4009 	|  4009 	 | 
 | AS25577 			|  1 				 |   3047 	 |3047 	|  3047  	|   3047 	|  3047 	 | 
 | AS87 			|  5 				 |   4112 	 |4112 	|  4111  	|   4112 	|  4112 	 | 
 | AS23724 			|  2 				 |   718 	 |718 	|  718  	|   718 	|  718  	 |
 | AS40244 			|  5 				 |   4461 	 |4461 	|  4461  	|   4461 	|  4461 	 | 
 | AS36994 			|  1 				 |   2362 	 |2362 	|  2362  	|   2362 	|  2362 	 | 
 | AS1313 			|  2 				 |   3403 	 |3403 	|  3403  	|   3403 	|  3403 	 | 
 | AS1312 			|  6 				 |   3243 	 |3243 	|  3243  	|   3243 	|  3243 	 | 
 | AS9117 			|  4 				 |   1614 	 |1614 	|  1614  	|   1614 	|  1614 	 | 
 | AS9116 			|  2 				 |   1630 	 |1630 	|  1615  	|   1630 	|  1630 	 | 
 | AS8551 			|  4 				 |   1620 	 |1634 	|  1620  	|   1634 	|  1634 	 | 
 | AS8553 			|  3 				 |   3113 	 |3113 	|  3113  	|   3113 	|  3113 	 | 
 | AS16397 			|  1 				 |   209 	 |209 	|  209  	|   209 	|  209  	 |
 | AS19875 			|  5 				 |   547 	 |549 	|  547  	|   547 	|  547  	 |
 | AS17 			|  4 				 |   4136 	 |4136 	|  4136  	|   4136 	|  4136 	 | 
 | AS15366 			|  4 				 |   1246 	 |1246 	|  1244  	|   1246 	|  1246 	 | 
 | AS12338 			|  1 				 |   2442 	 |2442 	|  2442  	|   2442 	|  2442 	 | 
 | AS34989 			|  1 				 |   2113 	 |2113 	|  2113  	|   2113 	|  2113 	 | 
 | AS12334 			|  1 				 |   2430 	 |2430 	|  2430  	|   2430 	|  2430 	 | 
 | AS34323 			|  1 				 |   2673 	 |2673 	|  2673  	|   2673 	|  2673 	 | 
 | AS39906 			|  1 				 |   919 	 |919 	|  919  	|   919 	|  919  	 |
 | AS55481 			|  4 				 |   44 	 |47 	|  44   	|   44  	|  44   	 |
 | AS5603 			|  2 				 |   2345 	 |2349 	|  2345  	|   2349 	|  2349 	 | 
 | AS5769 			|  1 				 |   597 	 |597 	|  597  	|   597 	|  597  	 |
 | AS9166 			|  1 				 |   162 	 |162 	|  162  	|   162 	|  162  	 |
 | AS9167 			|  1 				 |   2521 	 |2521 	|  2521  	|   2521 	|  2521 	 | 
 | AS39418 			|  10 				 |   963 	 |970 	|  959  	|   970 	|  963  	 |
 | AS31727 			|  4 				 |   2922 	 |2922 	|  1582  	|   2922 	|  2922 	 | 
 | AS34932 			|  2 				 |   976 	 |976 	|  976  	|   976 	|  976 	     |
 | AS5786 			|  3 				 |   2212 	 |2214 	|  2212  	|   2214 	|  2214 	 | 
 | AS5784 			|  3 				 |   2052 	 |2052 	|  2052  	|   2052 	|  2052 	 | 
 | AS8167 			|  1 				 |   186 	 |186 	|  186  	|   186 	|  186  	 |
 | AS5464 			|  2 				 |   1314 	 |1314 	|  1314  	|   1314 	|  1314 	 | 
 | AS9848 			|  4 				 |   2232 	 |2233 	|  2232  	|   2233 	|  2233 	 | 
 | AS29097 			|  3 				 |   2538 	 |2540 	|  2538  	|   2538 	|  2538 	 | 
 | AS27823 			|  1 				 |   15 	 |15 	|  15   	|   15  	|  15    	 |
 | AS2856 			|  9 				 |   3049 	 |3049 	|  3049  	|   3049 	|  3049 	 | 
 | AS39582 			|  1 				 |   2656 	 |2656 	|  2656  	|   2656 	|  2656 	 | 
 | AS13618 			|  1 				 |   4495 	 |4495 	|  4495  	|   4495 	|  4495 	 | 
 | AS29076 			|  5 				 |   2275 	 |2293 	|  2275  	|   2293 	|  2293 	 | 
 | AS9942 			|  1 				 |   78 	 |78 	|  78   	|   78   	|  78   	 |
 | AS18229 			|  1 				 |   1564 	 |1564 	|  1564  	|   1564 	|  1564 	 | 
 | AS29485 			|  3 				 |   904 	 |904 	|  904  	|   904 	|  904 	     |
 | AS29951 			|  8 				 |   3856 	 |3860 	|  3856  	|   3856 	|  3856 	 | 
 | AS3320 			|  8 				 |   1391 	 |1391 	|  1391  	|   1391 	|  1391 	 | 
 | AS3327 			|  1 				 |   1035 	 |1035 	|  1035  	|   1035 	|  1035 	 | 
 | AS3324 			|  1 				 |   2425 	 |2425 	|  2425  	|   2425 	|  2425 	 | 
 | AS29551 			|  1 				 |   1472 	 |1472 	|  1472  	|   1472 	|  1472 	 | 
 | AS25184 			|  1 				 |   1591 	 |1591 	|  1591  	|   1591 	|  1591 	 | 
 | AS25180 			|  2 				 |   3090 	 |3090 	|  3090  	|   3090 	|  3090 	 | 
 | AS4808 			|  10 				 |   670 	 |770 	|  670  	|   770 	|  670  	 |
 | AS32577 			|  10 				 |   3638 	 |3638 	|  3640  	|   3638 	|  3638 	 | 
 | AS15961 			|  1 				 |   3075 	 |3075 	|  3075  	|   3075 	|  3075 	 | 
 | AS15967 			|  1 				 |   2185 	 |2185 	|  2185  	|   2185 	|  2185 	 | 
 | AS24426 			|  1 				 |   775 	 |775 	|  775  	|   775 	|  775  	 |
 | AS17431 			|  2 				 |   752 	 |753 	|  752  	|   753 	|  753 	     |
 | AS32475 			|  3 				 |   3728 	 |3729 	|  3728  	|   3729 	|  3728 	 | 
 | AS24994 			|  4 				 |   1783 	 |1783 	|  1783  	|   1783 	|  1783 	 | 
 | AS2819 			|  2 				 |   918 	 |946 	|  918  	|   918 	|  918 	     |
 | AS17439 			|  1 				 |   1555 	 |1555 	|  1555  	|   1555 	|  1555 	 | 
 | AS42503 			|  1 				 |   2187 	 |2187 	|  2187  	|   2187 	|  2187 	 | 
 | AS17941 			|  1 				 |   1890 	 |1890 	|  1890  	|   1890 	|  1890 	 | 
 | AS34619 			|  2 				 |   2659 	 |2659 	|  2659  	|   2659 	|  2659 	 | 
 | AS21740 			|  8 				 |   1766 	 |1766 	|  1766  	|   1766 	|  1766 	 | 
 | AS4732 			|  4 				 |   1865 	 |1865 	|  1865  	|   1865 	|  1865 	 | 
 | AS21745 			|  2 				 |   3529 	 |3529 	|  3529  	|   3529 	|  3529 	 | 
 | AS3786 			|  5 				 |   2215 	 |2225 	|  2215  	|   2225 	|  2225 	 | 
 | AS45459 			|  1 				 |   2056 	 |2056 	|  2056  	|   2056 	|  2056 	 | 
 | AS43638 			|  1 				 |   2188 	 |2188 	|  2188  	|   2188 	|  2188 	 | 
 | AS45454 			|  1 				 |   75 	 |75 	|  75   	|   75  	|  75   	 |
 | AS24631 			|  1 				 |   1592 	 |1592 	|  1592  	|   1592 	|  1592 	 | 
 | AS35470 			|  1 				 |   157 	 |157 	|  157  	|   157 	|  157  	 |
 | AS32613 			|  13 				 |   99 	 |94 	|  93   	|   94  	|  99 	     |
 | AS196704 		|  1 				 |   2524 	 |2524 	|  2524  	|   2524 	|  2524 	 |
 | AS12880 			|  1 				 |   1595 	 |1595 	|  1595  	|   1595 	|  1595 	 | 
 | AS6724 			|  15 				 |   1424 	 |1424 	|  1424  	|   1424 	|  1424 	 | 
 | AS7381 			|  1 				 |   4061 	 |4061 	|  4061  	|   4061 	|  4061 	 | 
 | AS23237 			|  1 				 |   573 	 |573 	|  573  	|   573 	|  573   	 |
 | AS42022 			|  1 				 |   2109 	 |2109 	|  2109  	|   2109 	|  2109 	 | 
 | AS27030 			|  3 				 |   4469 	 |4469 	|  4467  	|   4469 	|  4469 	 | 
 | AS20021 			|  2 				 |   3122 	 |3122 	|  3122  	|   3122 	|  3122 	 | 
 | AS33055 			|  6 				 |   4083 	 |4083 	|  4083  	|   4083 	|  4083 	 | 
 | AS24038 			|  2 				 |   2321 	 |2321 	|  2321  	|   2321 	|  2321 	 | 
 | AS45427 			|  1 				 |   74 	 |74 	|  74   	|   74  	|  74   	 |
 | AS45352 			|  2 				 |   1901 	 |1901 	|  1901  	|   1901 	|  1901 	 | 
 | AS375 			|  1 				 |   1048 	 |1048 	|  1048  	|   1048 	|  1048 	 | 
 | AS27357 			|  1 				 |   4228 	 |4228 	|  4228  	|   4228 	|  4228 	 | 
 | AS23655 			|  1 				 |   2055 	 |2055 	|  2055  	|   2055 	|  2055 	 | 
 | AS15703 			|  2 				 |   1969 	 |1969 	|  1969  	|   1969 	|  1969 	 | 
 | AS41913 			|  2 				 |   2568 	 |2568 	|  2568  	|   2568 	|  2568 	 | 
 | AS11305 			|  3 				 |   4046 	 |4046 	|  3688  	|   4046 	|  4046 	 | 
 | AS7256 			|  12 				 |   4435 	 |4435 	|  4435  	|   4435 	|  4435 	 | 
 | AS2553 			|  1 				 |   4079 	 |4079 	|  4079  	|   4079 	|  4079 	 | 
 | AS1975 			|  1 				 |   4395 	 |4395 	|  4395  	|   4395 	|  4395 	 | 
 | AS2497 			|  1 				 |   1885 	 |1885 	|  1885  	|   1885 	|  1885 	 | 
 | AS6650 			|  3 				 |   4366 	 |4366 	|  4366  	|   4366 	|  4366 	 | 
 | AS8767 			|  4 				 |   1352 	 |1352 	|  1352  	|   1352 	|  1352 	 | 
 | AS24969 			|  2 				 |   999 	 |1004 	|  999  	|   999 	|  999  	 |
 | AS15670 			|  3 				 |   1984 	 |1984 	|  1982  	|   1984 	|  1984 	 | 
 | AS1785 			|  1 				 |   4105 	 |4105 	|  4105  	|   4105 	|  4105 	 | 
 | AS11274 			|  3 				 |   3770 	 |3768 	|  3768  	|   3770 	|  3770 	 | 
 | AS11279 			|  1 				 |   3249 	 |3249 	|  3249  	|   3249 	|  3249 	 | 
 | AS19066 			|  3 				 |   4159 	 |4159 	|  4159  	|   4159 	|  4159 	 | 
 | AS6471 			|  1 				 |   615 	 |615 	|  615  	|   615 	|  615  	 |
 | AS1257 			|  1 				 |   2505 	 |2505 	|  2505  	|   2505 	|  2505 	 | 
 | AS1251 			|  10 				 |   194 	 |194 	|  175  	|   194 	|  194 	     |
 | AS44398 			|  1 				 |   1001 	 |1001 	|  1001  	|   1001 	|  1001 	 | 
 | AS11456 			|  2 				 |   4151 	 |4151 	|  4151  	|   4151 	|  4151 	 | 
 | AS156 			|  2 				 |   4179 	 |4180 	|  4179  	|   4180 	|  4179 	 | 
 | AS25260 			|  5 				 |   1268 	 |1268 	|  1268  	|   1270 	|  1268 	 | 
 | AS41075 			|  3 				 |   1516 	 |1516 	|  1516  	|   1516 	|  1516 	 | 
 | AS44009 			|  4 				 |   2993 	 |2993 	|  2993  	|   2993 	|  2993 	 | 
 | AS41175 			|  3 				 |   2980 	 |2980 	|  2980  	|   2980 	|  2980 	 | 
 | AS20847 			|  1 				 |   2009 	 |2009 	|  2009  	|   2009 	|  2009 	 | 
 | AS9667 			|  1 				 |   52 	 |52 	|  52   	|   52  	|  52   	 |
 | AS12714 			|  2 				 |   2279 	 |2280 	|  2279  	|   2280 	|  2280 	 | 
 | AS12715 			|  1 				 |   2427 	 |2427 	|  2427  	|   2427 	|  2427 	 | 
 | AS16095 			|  3 				 |   998 	 |1016 	|  998  	|   1016 	|  1016 	 | 
 | AS25504 			|  4 				 |   1330 	 |1330 	|  1330  	|   1330 	|  1330 	 | 
 | AS36476 			|  4 				 |   4013 	 |4013 	|  4013  	|   4013 	|  4013 	 | 
 | AS33626 			|  3 				 |   40 	 |40 	|  40   	|   40  	|  40   	 |
 | AS9808 			|  2 				 |   786 	 |786 	|  786  	|   786 	|  786  	 |
 | AS20594 			|  4 				 |   3635 	 |3635 	|  3635  	|   3635 	|  3635 	 | 
 | AS55403 			|  1 				 |   2625 	 |2625 	|  2625  	|   2625 	|  2625 	 | 
 | AS8426 			|  5 				 |   3038 	 |3038 	|  3038  	|   3038 	|  3038 	 | 
 | AS8422 			|  5 				 |   1389 	 |1389 	|  1389  	|   1389 	|  1389 	 | 
 | AS17233 			|  8 				 |   4261 	 |4261 	|  4261  	|   4261 	|  4261 	 | 
 | AS8549 			|  1 				 |   2578 	 |2578 	|  2578  	|   2578 	|  2578 	 | 
 | AS41572 			|  2 				 |   2095 	 |2095 	|  2095  	|   2095 	|  2095 	 | 
 | AS5071 			|  1 				 |   577 	 |577 	|  577  	|   577 	|  577  	 |
 | AS16245 			|  2 				 |   1000 	 |1018 	|  1000  	|   1018 	|  1000 	 | 
 | AS15290 			|  6 				 |   536 	 |574 	|  536  	|   536 	|  536 	     |
 | AS8542 			|  6 				 |   2081 	 |2090 	|  2081  	|   2090 	|  2081 	 | 
 | AS31815 			|  11 				 |   4414 	 |4414 	|  4236  	|   4414 	|  4414 	 | 
 | AS20 			|  28 				 |   3358 	 |3358 	|  3358  	|   3358 	|  3358 	 | 
 | AS31817 			|  3 				 |   3996 	 |3996 	|  3996  	|   3996 	|  3996 	 | 
 | AS5421 			|  2 				 |   213 	 |213 	|  213  	|   213 	|  213  	 |
 | AS36692 			|  3 				 |   3567 	 |3567 	|  3567  	|   3567 	|  3567 	 | 
 | AS13727 			|  4 				 |   1252 	 |1250 	|  1250  	|   1252 	|  1252 	 | 
 | AS34235 			|  4 				 |   1141 	 |1208 	|  1141  	|   1141 	|  1141 	 | 
 | AS11440 			|  2 				 |   4424 	 |4424 	|  4424  	|   4424 	|  4424 	 | 
 | AS34997 			|  1 				 |   3064 	 |3064 	|  3064  	|   3064 	|  3064 	 | 
 | AS31216 			|  1 				 |   1197 	 |1197 	|  1197  	|   1197 	|  1197 	 | 
 | AS5381 			|  4 				 |   2122 	 |2122 	|  2122  	|   2122 	|  2122 	 | 
 | AS25074 			|  2 				 |   1430 	 |1430 	|  1430  	|   1430 	|  1430 	 | 
 | AS16438 			|  1 				 |   585 	 |585 	|  585  	|   585 	|  585   	 |
 | AS51006 			|  1 				 |   903 	 |903 	|  903  	|   903 	|  903  	 |
 | AS8151 			|  3 				 |   1918 	 |1919 	|  1918  	|   1919 	|  1919 	 | 
 | AS4657 			|  2 				 |   2323 	 |2323 	|  2323  	|   2323 	|  2323 	 | 
 | AS38283 			|  1 				 |   828 	 |828 	|  828  	|   828 	|  828 	     |
 | AS9308 			|  5 				 |   748 	 |801 	|  748  	|   748 	|  748  	 |
 | AS33808 			|  1 				 |   1403 	 |1403 	|  1403  	|   1403 	|  1403 	 | 
 | AS17755 			|  1 				 |   36 	 |36 	|  36   	|   36  	|  36   	 |
 | AS13213 			|  1 				 |   3069 	 |3069 	|  3069  	|   3069 	|  3069 	 | 
 | AS13193 			|  3 				 |   1096 	 |1096 	|  1096  	|   1096 	|  1096 	 | 
 | AS31581 			|  1 				 |   1528 	 |1528 	|  1528  	|   1528 	|  1528 	 | 
 | AS39570 			|  5 				 |   2489 	 |2489 	|  2489  	|   2489 	|  2489 	 | 
 | AS9892 			|  1 				 |   2326 	 |2326 	|  2326  	|   2326 	|  2326 	 | 
 | AS39392 			|  2 				 |   942 	 |942 	|  942  	|   942 	|  942  	 |
 | AS17633 			|  1 				 |   842 	 |842 	|  842  	|   842 	|  842 	     |
 | AS17746 			|  1 				 |   2049 	 |2049 	|  2049  	|   2049 	|  2049 	 | 
 | AS17638 			|  1 				 |   743 	 |743 	|  743  	|   743 	|  743  	 |
 | AS24218 			|  1 				 |   1903 	 |1903 	|  1903  	|   1903 	|  1903 	 | 
 | AS3701 			|  3 				 |   4477 	 |4477 	|  4477  	|   4477 	|  4477 	 | 
 | AS4812 			|  11 				 |   862 	 |862 	|  760  	|   862 	|  862 	     |
 | AS5409 			|  2 				 |   1440 	 |1441 	|  1440  	|   1441 	|  1440 	 | 
 | AS4134 			|  41 				 |   846 	 |846 	|  846  	|   846 	|  846  	 |
 | AS22329 			|  4 				 |   4149 	 |4149 	|  4149  	|   4149 	|  4149 	 | 
 | AS10318 			|  2 				 |   16 	 |16 	|  16   	|   16  	|  16   	 |
 | AS6813 			|  1 				 |   2438 	 |2438 	|  2438  	|   2438 	|  2438 	 | 
 | AS6810 			|  1 				 |   1612 	 |1612 	|  1612  	|   1612 	|  1612 	 | 
 | AS10316 			|  3 				 |   4457 	 |4457 	|  4457  	|   4457 	|  4457 	 | 
 | AS24134 			|  2 				 |   771 	 |771 	|  771  	|   771 	|  771  	 |
 | AS7132 			|  5 				 |   4211 	 |4211 	|  4211  	|   4211 	|  4211 	 | 
 | AS20102 			|  1 				 |   4355 	 |4355 	|  4355  	|   4355 	|  4355 	 | 
 | AS29668 			|  1 				 |   3063 	 |3063 	|  3063  	|   3063 	|  3063 	 | 
 | AS3389 			|  4 				 |   4106 	 |4106 	|  4109  	|   4106 	|  4106 	 | 
 | AS3790 			|  1 				 |   900 	 |900 	|  900  	|   900 	|  900  	 |
 | AS8928 			|  2 				 |   3045 	 |3045 	|  1202  	|   3045 	|  3045 	 | 
 | AS81 			|  5 				 |   509 	 |510 	|  509  	|   510 	|  510 	     |
 | AS15456 			|  1 				 |   1479 	 |1479 	|  1479  	|   1479 	|  1479 	 | 
 | AS26900 			|  8 				 |   3915 	 |3915 	|  3915  	|   3915 	|  3915 	 | 
 | AS7788 			|  1 				 |   558 	 |558 	|  558  	|   558 	|  558  	 |
 | AS3561 			|  25 				 |   3647 	 |3579 	|  3647  	|   3579 	|  3647 	 | 
 | AS42032 			|  1 				 |   2274 	 |2274 	|  2274  	|   2274 	|  2274 	 | 
 | AS3243 			|  4 				 |   2194 	 |2194 	|  2194  	|   2194 	|  2194 	 | 
 | AS3242 			|  1 				 |   1833 	 |1833 	|  1833  	|   1833 	|  1833 	 | 
 | AS17841 			|  7 				 |   2218 	 |2218 	|  2218  	|   2218 	|  2218 	 | 
 | AS188 			|  2 				 |   4410 	 |4410 	|  4410  	|   4410 	|  4410 	 | 
 | AS14642 			|  2 				 |   559 	 |559 	|  559  	|   559 	|  559  	 |
 | AS13009 			|  2 				 |   3009 	 |3009 	|  3009  	|   3009 	|  3009 	 | 
 | AS6147 			|  1 				 |   2126 	 |2126 	|  2126  	|   2126 	|  2126 	 | 
 | AS26347 			|  3 				 |   4334 	 |4334 	|  4334  	|   4334 	|  4334 	 | 
 | AS20248 			|  1 				 |   831 	 |831 	|  831  	|   831 	|  831  	 |
 | AS6785 			|  2 				 |   955 	 |956 	|  955  	|   955 	|  955  	 |
 | AS8659 			|  4 				 |   2543 	 |2545 	|  2543  	|   2545 	|  2545 	 | 
 | AS45061 			|  12 				 |   648 	 |649 	|  648  	|   652 	|  652  	 |
 | AS24853 			|  1 				 |   989 	 |989 	|  989  	|   989 	|  989  	 |
 | AS44249 			|  10 				 |   2171 	 |2173 	|  2171  	|   2173 	|  2173 	 | 
 | AS702 			|  16 				 |   1147 	 |1147 	|  156  	|   1147 	|  1147 	 | 
 | AS703 			|  1 				 |   2596 	 |2596 	|  2596  	|   2596 	|  2596 	 | 
 | AS701 			|  19 				 |   3493 	 |3491 	|  3493  	|   3491 	|  3491 	 | 
 | AS2764 			|  2 				 |   37 	 |37 	|  37   	|   37  	|  37   	 |
 | AS8741 			|  11 				 |   1432 	 |1432 	|  1432  	|   1432 	|  1432 	 | 
 | AS22070 			|  2 				 |   3661 	 |3662 	|  3661  	|   3662 	|  3662 	 | 
 | AS20857 			|  1 				 |   2028 	 |2028 	|  2028  	|   2028 	|  2028 	 | 
 | AS1241 			|  2 				 |   1502 	 |1502 	|  1502  	|   1502 	|  1502 	 | 
 | AS26010 			|  4 				 |   3622 	 |3622 	|  3622  	|   3622 	|  3622 	 | 
 | AS10912 			|  3 				 |   4172 	 |4172 	|  4172  	|   4172 	|  4172 	 | 
 | AS44386 			|  2 				 |   2281 	 |2281 	|  2281  	|   2281 	|  2281 	 | 
 | AS11588 			|  1 				 |   4103 	 |4103 	|  4103  	|   4103 	|  4103 	 | 
 | AS11426 			|  50 				 |   3163 	 |3163 	|  3207  	|   3163 	|  3163 	 | 
 | AS1128 			|  5 				 |   1964 	 |1965 	|  1964  	|   1964 	|  1964 	 | 
 | AS45014 			|  1 				 |   3068 	 |3068 	|  3068  	|   3068 	|  3068 	 | 
 | AS2611 			|  10 				 |   132 	 |140 	|  132  	|   135 	|  132  	 |
 | AS16128 			|  1 				 |   1190 	 |1190 	|  1190  	|   1190 	|  1190 	 | 
 | AS12978 			|  4 				 |   2648 	 |2648 	|  2648  	|   2648 	|  2648 	 | 
 | AS25518 			|  2 				 |   1774 	 |1775 	|  1774  	|   1774 	|  1774 	 | 
 | AS14584 			|  4 				 |   3894 	 |3896 	|  3894  	|   3896 	|  3894 	 | 
 | AS224 			|  7 				 |   2075 	 |2075 	|  2115  	|   2075 	|  2075 	 | 
 | AS14745 			|  1 				 |   4094 	 |4094 	|  4094  	|   4094 	|  4094 	 | 
 | AS1835 			|  5 				 |   1023 	 |1023 	|  1023  	|   1023 	|  1023 	 | 
 | AS1836 			|  1 				 |   2570 	 |2570 	|  2570  	|   2570 	|  2570 	 | 
 | AS15694 			|  1 				 |   2186 	 |2186 	|  2186  	|   2186 	|  2186 	 | 
 | AS23992 			|  1 				 |   81 	 |81 	|  81   	|   81  	|  81   	 |
 | AS8434 			|  7 				 |   2465 	 |2465 	|  2465  	|   2465 	|  2465 	 | 
 | AS16338 			|  1 				 |   2433 	 |2433 	|  2433  	|   2433 	|  2433 	 | 
 | AS16339 			|  2 				 |   2911 	 |2912 	|  2911  	|   2912 	|  2912 	 | 
 | AS131 			|  4 				 |   4060 	 |4060 	|  4060  	|   4060 	|  4060 	 | 
 | AS15348 			|  3 				 |   3731 	 |3732 	|  3731  	|   3732 	|  3732 	 | 
 | AS16237 			|  4 				 |   1959 	 |1960 	|  1959  	|   1960 	|  1959 	 | 
 | AS5432 			|  1 				 |   158 	 |158 	|  158  	|   158 	|  158  	 |
 | AS49572 			|  1 				 |   85 	 |85 	|  85   	|   85  	|  85    	 |
 | AS15180 			|  1 				 |   181 	 |181 	|  181  	|   181 	|  181  	 |
 | AS31827 			|  3 				 |   4341 	 |4342 	|  4341  	|   4342 	|  4342 	 | 
 | AS32 			|  9 				 |   4388 	 |4388 	|  4387  	|   4388 	|  4388 	 | 
 | AS34225 			|  1 				 |   1467 	 |1467 	|  1467  	|   1467 	|  1467 	 | 
 | AS10481 			|  1 				 |   14 	 |14 	|  14   	|   14  	|  14 	     |
 | AS30190 			|  2 				 |   4409 	 |4409 	|  4408  	|   4409 	|  4409 	 | 
 | AS5396 			|  1 				 |   1838 	 |1838 	|  1838  	|   1838 	|  1838 	 | 
 | AS9269 			|  1 				 |   1510 	 |1510 	|  1510  	|   1510 	|  1510 	 | 
 | AS9268 			|  4 				 |   24 	 |24 	|  24   	|   24  	|  24   	 |
 | AS40629 			|  3 				 |   3608 	 |3608 	|  3608  	|   3608 	|  3608 	 | 
 | AS9143 			|  8 				 |   1974 	 |1991 	|  1974  	|   1991 	|  1991 	 | 
 | AS23844 			|  6 				 |   671 	 |671 	|  671  	|   671 	|  671  	 |
 | AS15236 			|  1 				 |   1921 	 |1921 	|  1921  	|   1921 	|  1921 	 | 
 | AS39707 			|  1 				 |   2301 	 |2301 	|  2301  	|   2301 	|  2301 	 | 
 | AS11845 			|  3 				 |   2364 	 |2364 	|  2364  	|   2364 	|  2364 	 | 
 | AS8220 			|  15 				 |   160 	 |1182 	|  160  	|   1182 	|  1182 	 | 
 | AS39369 			|  1 				 |   2519 	 |2519 	|  2519  	|   2519 	|  2519 	 | 
 | AS9318 			|  6 				 |   2229 	 |2243 	|  2229  	|   2243 	|  2243 	 | 
 | AS13180 			|  1 				 |   1825 	 |1825 	|  1825  	|   1825 	|  1825 	 | 
 | AS9317 			|  1 				 |   2239 	 |2239 	|  2239  	|   2239 	|  2239 	 | 
 | AS5486 			|  13 				 |   1631 	 |1631 	|  1631  	|   1631 	|  1631 	 | 
 | AS4230 			|  8 				 |   168 	 |199 	|  167  	|   199 	|  199  	 |
 | AS5483 			|  1 				 |   1527 	 |1527 	|  1527  	|   1527 	|  1527 	 | 
 | AS29278 			|  1 				 |   1524 	 |1524 	|  1524  	|   1524 	|  1524 	 | 
 | AS22489 			|  3 				 |   210 	 |211 	|  210  	|   211 	|  211  	 |
 | AS29276 			|  2 				 |   2343 	 |2343 	|  2343  	|   2343 	|  2343 	 | 
 | AS9929 			|  1 				 |   740 	 |740 	|  740  	|   740 	|  740   	 |
 | AS18245 			|  1 				 |   796 	 |796 	|  796  	|   796 	|  796  	 |
 | AS9889 			|  2 				 |   2061 	 |2061 	|  2061  	|   2061 	|  2061 	 | 
 | AS9924 			|  1 				 |   2599 	 |2599 	|  2599  	|   2599 	|  2599 	 | 
 | AS18563 			|  1 				 |   579 	 |579 	|  579  	|   579 	|  579  	 |
 | AS29873 			|  1 				 |   4389 	 |4389 	|  4389  	|   4389 	|  4389 	 | 
 | AS35171 			|  1 				 |   2437 	 |2437 	|  2437  	|   2437 	|  2437 	 | 
 | AS15846 			|  2 				 |   106 	 |106 	|  106  	|   106 	|  106   	 |
 | AS43200 			|  3 				 |   2087 	 |2089 	|  2087  	|   2089 	|  2089 	 | 
 | AS16637 			|  3 				 |   2353 	 |2353 	|  2353  	|   2353 	|  2353 	 | 
 | AS3307 			|  3 				 |   2120 	 |2120 	|  2091  	|   2120 	|  2120 	 | 
 | AS3301 			|  6 				 |   2506 	 |2522 	|  2506  	|   2522 	|  2522 	 | 
 | AS3303 			|  1 				 |   2577 	 |2577 	|  2577  	|   2577 	|  2577 	 | 
 | AS29471 			|  3 				 |   1419 	 |1419 	|  1419  	|   1419 	|  1419 	 | 
 | AS12406 			|  1 				 |   121 	 |121 	|  121  	|   121 	|  121 	     |
 | AS4538 			|  3 				 |   660 	 |660 	|  660  	|   660 	|  660  	 |
 | AS39700 			|  1 				 |   2030 	 |2030 	|  2030  	|   2030 	|  2030 	 | 
 | AS21195 			|  1 				 |   2528 	 |2528 	|  2528  	|   2528 	|  2528 	 | 
 | AS9811 			|  3 				 |   695 	 |697 	|  695  	|   695 	|  695  	 |
 | AS15598 			|  7 				 |   1425 	 |1425 	|  1425  	|   1425 	|  1425 	 | 
 | AS34779 			|  9 				 |   2332 	 |2335 	|  2332  	|   2335 	|  2335 	 | 
 | AS17920 			|  1 				 |   38 	 |38 	|  38   	|    38 	|  38   	 |
 | AS20130 			|  2 				 |   3695 	 |3695 	|  3695  	|   3695 	|  3695 	 | 
 | AS4758 			|  1 				 |   1562 	 |1562 	|  1562  	|   1562 	|  1562 	 | 
 | AS25847 			|  1 				 |   4311 	 |4311 	|  4311  	|   4311 	|  4311 	 | 
 | AS4750 			|  1 				 |   2626 	 |2626 	|  2626  	|   2626 	|  2626 	 | 
 | AS4755 			|  13 				 |   1536 	 |1536 	|  1536  	|   1536 	|  1536 	 | 
 | AS8912 			|  1 				 |   3088 	 |3088 	|  3088  	|   3088 	|  3088 	 | 
 | AS8851 			|  1 				 |   3037 	 |3037 	|  3037  	|   3037 	|  3037 	 | 
 | AS73 			|  4 				 |   3911 	 |3914 	|  3911  	|   3914 	|  3914 	 | 
 | AS196724 		|  3 				 |   978 	 |978 	|  978  	|   978 	|  978 	     |
 | AS15935 			|  9 				 |   935 	 |935 	|  935  	|   935 	|  935  	 |
 | AS26496 			|  98 				 |   3305 	 |3305 	|  3305  	|   3305 	|  3305 	 | 
 | AS35228 			|  1 				 |   3085 	 |3085 	|  3085  	|   3085 	|  3085 	 | 
 | AS7654 			|  3 				 |   2618 	 |2618 	|  2618  	|   2618 	|  2618 	 | 
 | AS6700 			|  1 				 |   2310 	 |2310 	|  2310  	|   2310 	|  2310 	 | 
 | AS6706 			|  1 				 |   951 	 |951 	|  951  	|   951 	|  951  	 |
 | AS42418 			|  1 				 |   1026 	 |1026 	|  1026  	|   1026 	|  1026 	 | 
 | AS1659 			|  1 				 |   2585 	 |2585 	|  2585  	|   2585 	|  2585 	 | 
 | AS2119 			|  2 				 |   2108 	 |2108 	|  2108  	|   2108 	|  2108 	 | 
 | AS2110 			|  2 				 |   1572 	 |1572 	|  1572  	|   1572 	|  1572 	 | 
 | AS2116 			|  1 				 |   2104 	 |2104 	|  2104  	|   2104 	|  2104 	 | 
 | AS7474 			|  1 				 |   61 	 |61 	|  61   	|   61  	|  61   	 |
 | AS25351 			|  1 				 |   2111 	 |2111 	|  2111  	|   2111 	|  2111 	 | 
 | AS558 			|  3 				 |   4267 	 |4267 	|  4267  	|   4267 	|  4267 	 | 
 | AS553 			|  2 				 |   1448 	 |1466 	|  1448  	|   1466 	|  1466 	 | 
 | AS6677 			|  2 				 |   1529 	 |1529 	|  1529  	|   1529 	|  1529 	 | 
 | AS12859 			|  7 				 |   126 	 |2024 	|  125  	|   126 	|  126  	 |
 | AS7377 			|  5 				 |   3778 	 |3778 	|  3778  	|   3778 	|  3778 	 | 
 | AS36289 			|  2 				 |   3642 	 |3642 	|  3642  	|   3642 	|  3642 	 | 
 | AS25593 			|  6 				 |   1169 	 |1169 	|  1169  	|   1169 	|  1169 	 | 
 | AS44253 			|  2 				 |   1980 	 |1980 	|  1980  	|   1980 	|  1980 	 | 
 | AS49498 			|  2 				 |   909 	 |908 	|  908  	|   909 	|  909 	     |
 | AS48221 			|  1 				 |   2441 	 |2441 	|  2441  	|   2441 	|  2441 	 | 
 | AS5602 			|  1 				 |   1815 	 |1815 	|  1815  	|   1815 	|  1815 	 | 
 | AS36351 			|  15 				 |   4269 	 |4269 	|  4269  	|   4269 	|  4269 	 | 
 | AS15756 			|  3 				 |   2283 	 |2298 	|  2283  	|   2298 	|  2298 	 | 
 | AS25367 			|  1 				 |   153 	 |153 	|  153  	|   153 	|  153  	 |
 | AS786 			|  245 				 |   3013 	 |3013 	|  3013  	|   3013 	|  3013 	 | 
 | AS7575 			|  2 				 |   53 	 |53 	|  53   	|   53  	|  53   	 |
 | AS40561 			|  4 				 |   3665 	 |3665 	|  3665  	|   3665 	|  3665 	 | 
 | AS15879 			|  4 				 |   2029 	 |2029 	|  1961  	|   2029 	|  2029 	 | 
 | AS21293 			|  2 				 |   2098 	 |2098 	|  2098  	|   2098 	|  2098 	 | 
 | AS19994 			|  1 				 |   3104 	 |3104 	|  3104  	|   3104 	|  3104 	 | 
 | AS10929 			|  4 				 |   4065 	 |4066 	|  4065  	|   4066 	|  4065 	 | 
 | AS36031 			|  3 				 |   539 	 |539 	|  539  	|   539 	|  539  	 |
 | AS603 			|  1 				 |   578 	 |578 	|  578  	|   578 	|  578  	 |
 | AS15085 			|  2 				 |   554 	 |555 	|  554  	|   554 	|  554  	 |
 | AS16135 			|  3 				 |   2645 	 |2645 	|  2645  	|   2645 	|  2645 	 | 
 | AS21844 			|  13 				 |   4163 	 |4161 	|  4163  	|   4163 	|  4163 	 | 
 | AS19611 			|  1 				 |   200 	 |200 	|  200  	|   200 	|  200  	 |
 | AS42876 			|  2 				 |   958 	 |958 	|  958  	|   958 	|  958  	 |
 | AS12637 			|  2 				 |   1801 	 |1801 	|  1801  	|   1801 	|  1801 	 | 
 | AS42871 			|  1 				 |   117 	 |117 	|  117  	|   117 	|  117  	 |
 | AS12731 			|  4 				 |   1361 	 |1378 	|  1361  	|   1378 	|  1361 	 | 
 | AS237 			|  6 				 |   3523 	 |816 	|  3523  	|   3523 	|  3523 	 | 
 | AS12735 			|  1 				 |   2661 	 |2661 	|  2661  	|   2661 	|  2661 	 | 
 | AS195 			|  13 				 |   4188 	 |4027 	|  4188  	|   4188 	|  4188 	 | 
 | AS6429 			|  1 				 |   614 	 |614 	|  614  	|   614 	|  614  	 |
 | AS1226 			|  3 				 |   4010 	 |4012 	|  4010  	|   4010 	|  4010 	 | 
 | AS1221 			|  2 				 |   79 	 |79 	|  43   	|   79  	|  79   	 |
 | AS41799 			|  1 				 |   217 	 |217 	|  217  	|   217 	|  217  	 |
 | AS22908 			|  1 				 |   1917 	 |1917 	|  1917  	|   1917 	|  1917 	 | 
 | AS8685 			|  1 				 |   2663 	 |2663 	|  2663  	|   2663 	|  2663 	 | 
 | AS8523 			|  1 				 |   2515 	 |2515 	|  2515  	|   2515 	|  2515 	 | 
 | AS21203 			|  1 				 |   1177 	 |1177 	|  1177  	|   1177 	|  1177 	 | 
 | AS49544 			|  4 				 |   1999 	 |1999 	|  1999  	|   1999 	|  1999 	 | 
 | AS9150 			|  2 				 |   2010 	 |2010 	|  2010  	|   2010 	|  2010 	 | 
 | AS8358 			|  2 				 |   1521 	 |1522 	|  1521  	|   1521 	|  1521 	 | 
 | AS34960 			|  3 				 |   2565 	 |2565 	|  2565  	|   2565 	|  2565 	 | 
 | AS8452 			|  1 				 |   1034 	 |1034 	|  1034  	|   1034 	|  1034 	 | 
 | AS40634 			|  1 				 |   2643 	 |2643 	|  2643  	|   2643 	|  2643 	 | 
 | AS5089 			|  4 				 |   3046 	 |3046 	|  3046  	|   3046 	|  3046 	 | 
 | AS13243 			|  2 				 |   2070 	 |2070 	|  2070  	|   2070 	|  2070 	 | 
 | AS680 			|  44 				 |   1401 	 |1401 	|  1398  	|   1401 	|  1401 	 | 
 | AS8 			    |  3 				 |   3667 	 |3668 	|  3667  	|   3668 	|  3668 	 |
 | AS9328 			|  1 				 |   82 	 |82 	|  82   	|   82  	|  82 	     |
 | AS38550 			|  4 				 |   2608 	 |2608 	|  2608  	|   2608 	|  2608 	 | 
 | AS48825 			|  1 				 |   3101 	 |3101 	|  3101  	|   3101 	|  3101 	 | 
 | AS21050 			|  1 				 |   1895 	 |1895 	|  1895  	|   1895 	|  1895 	 | 
 | AS13649 			|  1 				 |   4185 	 |4185 	|  4185  	|   4185 	|  4185 	 | 
 | AS25124 			|  2 				 |   1593 	 |1593 	|  1593  	|   1593 	|  1593 	 | 
 | AS13768 			|  25 				 |   3393 	 |3393 	|  3393  	|   3393 	|  3393 	 | 
 | AS5723 			|  6 				 |   3832 	 |3832 	|  3832  	|   3832 	|  3832 	 | 
 | AS39554 			|  2 				 |   982 	 |982 	|  982  	|   982 	|  982 	     |
 | AS4847 			|  6 				 |   856 	 |856 	|  856  	|   856 	|  856   	 |
 | AS20738 			|  1 				 |   3134 	 |3134 	|  3134  	|   3134 	|  3134 	 | 
 | AS29863 			|  1 				 |   3607 	 |3607 	|  3607  	|   3607 	|  3607 	 | 
 | AS16629 			|  1 				 |   619 	 |619 	|  619  	|   619 	|  619  	 |
 | AS4445 			|  1 				 |   3129 	 |3129 	|  3129  	|   3129 	|  3129 	 | 
 | AS3313 			|  2 				 |   1813 	 |1813 	|  1813  	|   1813 	|  1813 	 | 
 | AS3316 			|  4 				 |   2260 	 |2261 	|  2260  	|   2261 	|  2261 	 | 
 | AS21603 			|  1 				 |   1916 	 |1916 	|  1916  	|   1916 	|  1916 	 | 
 | AS39309 			|  6 				 |   3021 	 |3021 	|  3021  	|   3021 	|  3021 	 | 
 | AS4837 			|  29 				 |   739 	 |791 	|  680  	|   791 	|  739  	 |
 | AS9803 			|  1 				 |   818 	 |818 	|  818  	|   818 	|  818  	 |
 | AS18756 			|  2 				 |   4035 	 |4035 	|  4035  	|   4036 	|  4036 	 | 
 | AS18990 			|  3 				 |   3756 	 |3756 	|  3756  	|   3756 	|  3756 	 | 
 | AS2847 			|  2 				 |   1897 	 |1897 	|  1897  	|   1897 	|  1897 	 | 
 | AS7018 			|  2 				 |   4393 	 |4393 	|  4393  	|   4393 	|  4393 	 | 
 | AS10201 			|  1 				 |   1557 	 |1557 	|  1557  	|   1557 	|  1557 	 | 
 | AS17668 			|  2 				 |   56 	 |56 	|  56    	|   56  	|  56   	 |
 | AS27617 			|  3 				 |   4446 	 |4446 	|  4445  	|   4446 	|  4446 	 | 
 | AS29311 			|  2 				 |   2003 	 |2003 	|  2003  	|   2003 	|  2003 	 | 
 | AS8190 			|  3 				 |   4067 	 |4068 	|  4067  	|   4068 	|  4068 	 | 
 | AS39606 			|  2 				 |   1175 	 |1175 	|  1175  	|   1175 	|  1175 	 | 
 | AS8904 			|  5 				 |   2264 	 |2266 	|  2264  	|   2266 	|  2266 	 | 
 | AS6848 			|  1 				 |   161 	 |161 	|  161  	|   161 	|  161  	 |
 | AS35787 			|  1 				 |   3137 	 |3137 	|  3137  	|   3137 	|  3137 	 | 
 | AS3265 			|  3 				 |   4380 	 |4380 	|  4380  	|   4380 	|  4380 	 | 
 | AS21229 			|  3 				 |   1519 	 |1519 	|  1519  	|   1519 	|  1519 	 | 
 | AS34718 			|  1 				 |   2296 	 |2296 	|  2296  	|   2296 	|  2296 	 | 
 | AS35625 			|  1 				 |   1217 	 |1217 	|  1217  	|   1217 	|  1217 	 | 
 | AS43541 			|  3 				 |   913 	 |915 	|  913  	|   915 	|  915 	     |
 | AS24416 			|  1 				 |   825 	 |825 	|  825  	|   825 	|  825 	     |
 | AS24141 			|  1 				 |   809 	 |809 	|  809  	|   809 	|  809   	 |
 | AS2519 			|  4 				 |   1857 	 |1859 	|  1857  	|   1859 	|  1857 	 | 
 | AS42949 			|  2 				 |   1995 	 |1995 	|  1994  	|   1995 	|  1995 	 | 
 | AS2514 			|  2 				 |   1889 	 |1889 	|  1889  	|   1889 	|  1889 	 | 
 | AS549 			|  1 				 |   589 	 |589 	|  589  	|   589 	|  589   	 |
 | AS2107 			|  1 				 |   2347 	 |2347 	|  2347  	|   2347 	|  2347 	 | 
 | AS32719 			|  2 				 |   3736 	 |3736 	|  3736  	|   3736 	|  3736 	 | 
 | AS32309 			|  1 				 |   4003 	 |4003 	|  4003  	|   4003 	|  4003 	 | 
 | AS18125 			|  5 				 |   1861 	 |1862 	|  1861  	|   1862 	|  1861 	 | 
 | AS14064 			|  2 				 |   3352 	 |3352 	|  3352  	|   3352 	|  3352 	 | 
 | AS12843 			|  1 				 |   1495 	 |1495 	|  1495  	|   1495 	|  1495 	 | 
 | AS12845 			|  1 				 |   2431 	 |2431 	|  2431  	|   2431 	|  2431 	 | 
 | AS3216 			|  1 				 |   2286 	 |2286 	|  2286  	|   2286 	|  2286 	 | 
 | AS2200 			|  28 				 |   1120 	 |1108 	|  1120  	|   1052 	|  1120 	 | 
 | AS3215 			|  4 				 |   1185 	 |1185 	|  1185  	|   1185 	|  1185 	 | 
 | AS26228 			|  6 				 |   2077 	 |2080 	|  2077  	|   2080 	|  2077 	 | 
 | AS19024 			|  8 				 |   3929 	 |3929 	|  3924  	|   3929 	|  3929 	 | 
 | AS24931 			|  3 				 |   3026 	 |3026 	|  3026  	|   3026 	|  3026 	 | 
 | AS12907 			|  2 				 |   1450 	 |1450 	|  1450  	|   1450 	|  1450 	 | 
 | AS25721 			|  1 				 |   1511 	 |1511 	|  1511  	|   1511 	|  1511 	 | 
 | AS25689 			|  1 				 |   565 	 |565 	|  565  	|   565 	|  565  	 |
 | AS11343 			|  3 				 |   4442 	 |4442 	|  4444  	|   4442 	|  4442 	 | 
 | AS14618 			|  4 				 |   80 	 |80 	|  80   	|   80  	|  80   	 |
 | AS30958 			|  1 				 |   1822 	 |1822 	|  1822  	|   1822 	|  1822 	 | 
 | AS6503 			|  1 				 |   1922 	 |1922 	|  1922  	|   1922 	|  1922 	 | 
 | AS26134 			|  2 				 |   65 	 |65 	|  65   	|   65  	|  65   	 |
 | AS40142 			|  7 				 |   3740 	 |3767 	|  3740  	|   3740 	|  3740 	 | 
 | AS1103 			|  3 				 |   1989 	 |1992 	|  1989  	|   1992 	|  1992 	 | 
 | AS25532 			|  1 				 |   2302 	 |2302 	|  2302  	|   2302 	|  2302 	 | 
 | AS45032 			|  1 				 |   1010 	 |1010 	|  1010  	|   1010 	|  1010 	 | 
 | AS25535 			|  2 				 |   2294 	 |2294 	|  2294  	|   2294 	|  2294 	 | 
 | AS41417 			|  1 				 |   2644 	 |2644 	|  2644  	|   2644 	|  2644 	 | 
 | AS4725 			|  5 				 |   1869 	 |1869 	|  1869  	|   1869 	|  1869 	 | 
 | AS209 			|  23 				 |   4031 	 |4031 	|  4031  	|   4031 	|  4031 	 | 
 | AS12993 			|  1 				 |   1896 	 |1896 	|  1896  	|   1896 	|  1896 	 | 
 | AS12996 			|  3 				 |   2072 	 |2072 	|  2072  	|   2072 	|  2072 	 | 
 | AS12994 			|  1 				 |   2097 	 |2097 	|  2097  	|   2097 	|  2097 	 | 
 | AS42848 			|  1 				 |   1899 	 |1899 	|  1899  	|   1899 	|  1899 	 | 
 | AS10843 			|  20 				 |   3561 	 |3561 	|  3561  	|   3561 	|  3561 	 | 
 | AS12767 			|  1 				 |   953 	 |953 	|  953  	|   953 	|  953  	 |
 | AS36444 			|  3 				 |   4480 	 |4480 	|  4480  	|   4480 	|  4480 	 | 
 | AS33652 			|  1 				 |   596 	 |596 	|  596  	|   596 	|  596  	 |
 | AS17183 			|  16 				 |   3799 	 |3799 	|  3799  	|   3799 	|  3799 	 | 
 | AS30475 			|  11 				 |   2447 	 |2447 	|  2447  	|   2447 	|  2447 	 | 
 | AS16215 			|  6 				 |   2557 	 |2557 	|  2557  	|   2557 	|  2557 	 | 
 | AS33491 			|  3 				 |   3681 	 |3682 	|  3681  	|   3682 	|  3682 	 | 
 | AS33494 			|  9 				 |   3707 	 |3707 	|  3700  	|   3707 	|  3707 	 | 
 | AS21232 			|  1 				 |   2575 	 |2575 	|  2575  	|   2575 	|  2575 	 | 
 | AS111 			|  1 				 |   4239 	 |4239 	|  4239  	|   4239 	|  4239 	 | 
 | AS25542 			|  3 				 |   2001 	 |2001 	|  2001  	|   2001 	|  2001 	 | 
 | AS12695 			|  3 				 |   2277 	 |2291 	|  2277  	|   2291 	|  2291 	 | 
 | AS14537 			|  1 				 |   902 	 |902 	|  902  	|   902 	|  902  	 |
 | AS50 			|  2 				 |   4131 	 |4131 	|  4131  	|   4131 	|  4131 	 | 
 | AS38794 			|  4 				 |   2603 	 |2603 	|  2603  	|   2603 	|  2603 	 | 
 | AS9120 			|  2 				 |   1011 	 |1028 	|  1011  	|   1028 	|  1028 	 | 
 | AS9121 			|  2 				 |   2650 	 |2650 	|  2650  	|   2650 	|  2650 	 | 
 | AS4323 			|  17 				 |   3956 	 |3956 	|  3956  	|   3956 	|  3956 	 | 
 | AS41635 			|  3 				 |   2250 	 |2252 	|  2250  	|   2252 	|  2250 	 | 
 | AS12626 			|  6 				 |   1102 	 |1102 	|  1102  	|   1102 	|  1102 	 | 
 | AS21309 			|  3 				 |   1792 	 |1794 	|  1792  	|   1794 	|  1792 	 | 
 | AS8342 			|  5 				 |   950 	 |2269 	|  950  	|   2269 	|  2269 	 | 
 | AS12573 			|  1 				 |   2017 	 |2017 	|  2017  	|   2017 	|  2017 	 | 
 | AS12306 			|  9 				 |   1473 	 |4317 	|  736  	|   1473 	|  1473 	 | 
 | AS12301 			|  3 				 |   1512 	 |1514 	|  1512  	|   1514 	|  1514 	 | 
 | AS31621 			|  1 				 |   1454 	 |1454 	|  1454  	|   1454 	|  1454 	 | 
 | AS25137 			|  5 				 |   2193 	 |2193 	|  2193  	|   2193 	|  2193 	 | 
 | AS8208 			|  2 				 |   1434 	 |1434 	|  1434  	|   1434 	|  1434 	 | 
 | AS9338 			|  9 				 |   2046 	 |2046 	|  2040  	|   2046 	|  2046 	 | 
 | AS33970 			|  6 				 |   3035 	 |3035 	|  3035  	|   3035 	|  3035 	 | 
 | AS39542 			|  1 				 |   1194 	 |1194 	|  1194  	|   1194 	|  1194 	 | 
 | AS33876 			|  1 				 |   2205 	 |2205 	|  2205  	|   2205 	|  2205 	 | 
 | AS10694 			|  9 				 |   4123 	 |4354 	|  4123  	|   4124 	|  4123 	 | 
 | AS31715 			|  1 				 |   3057 	 |3057 	|  3057  	|   3057 	|  3057 	 | 
 | AS29838 			|  1 				 |   1007 	 |1007 	|  1007  	|   1007 	|  1007 	 | 
 | AS4589 			|  5 				 |   1163 	 |1163 	|  1163  	|   1163 	|  1163 	 | 
 | AS14298 			|  3 				 |   3981 	 |3981 	|  3981  	|   3981 	|  3981 	 | 
 | AS3778 			|  7 				 |   3839 	 |3838 	|  3839  	|   3838 	|  3836 	 | 
 | AS34011 			|  1 				 |   1318 	 |1318 	|  1318  	|   1318 	|  1318 	 | 
 | AS11830 			|  3 				 |   899 	 |899 	|  899  	|   899 	|  899  	 |
 | AS6983 			|  50 				 |   3214 	 |3234 	|  3214  	|   3214 	|  3214 	 | 
 | AS43220 			|  2 				 |   980 	 |981 	|  980  	|   980 	|  980  	 |
 | AS14992 			|  7 				 |   4097 	 |4097 	|  4097  	|   4097 	|  4097 	 | 
 | AS4927 			|  29 				 |   3424 	 |3424 	|  3424  	|   3424 	|  3424 	 | 
 | AS39111 			|  3 				 |   964 	 |1319 	|  964  	|   1319 	|  964 	     |
 | AS3614 			|  4 				 |   3539 	 |3541 	|  3539  	|   3541 	|  3539 	 | 
 | AS39116 			|  4 				 |   1088 	 |1088 	|  1088  	|   1088 	|  1088 	 | 
 | AS2914 			|  40 				 |   4416 	 |4416 	|  4416  	|   4416 	|  4416 	 | 
 | AS2852 			|  2 				 |   920 	 |920 	|  920  	|   920 	|  920  	 |
 | AS17477 			|  9 				 |   2062 	 |2062 	|  18    	|   2062 	|  2062 	 |
 | AS4771 			|  1 				 |   2060 	 |2060 	|  2060  	|   2060 	|  2060 	 | 
 | AS34555 			|  2 				 |   3111 	 |3111 	|  3111  	|   3111 	|  3111 	 | 
 | AS31122 			|  1 				 |   1581 	 |1581 	|  1581  	|   1581 	|  1581 	 | 
 | AS29134 			|  2 				 |   940 	 |940 	|  939  	|   940 	|  940   	 |
 | AS8182 			|  1 				 |   1574 	 |1574 	|  1574  	|   1574 	|  1574 	 | 
 | AS28885 			|  3 				 |   2124 	 |2124 	|  2124  	|   2124 	|  2124 	 | 
 | AS50474 			|  1 				 |   1203 	 |1203 	|  1203  	|   1203 	|  1203 	 | 
 | AS43892 			|  2 				 |   1532 	 |1533 	|  1532  	|   1533 	|  1533 	 | 
 | AS14335 			|  2 				 |   3596 	 |3597 	|  3596  	|   3597 	|  3597 	 | 
 | AS7678 			|  2 				 |   1878 	 |1878 	|  1878  	|   1878 	|  1878 	 | 
 | AS7679 			|  1 				 |   822 	 |822 	|  822  	|   822 	|  822   	 |
 | AS2828 			|  8 				 |   3460 	 |3460 	|  3460  	|   3460 	|  3460 	 | 
 | AS8972 			|  3 				 |   1343 	 |1344 	|  1343  	|   1343 	|  1343 	 | 
 | AS3292 			|  36 				 |   2068 	 |2478 	|  2068  	|   2478 	|  2478 	 | 
 | AS28717 			|  1 				 |   1022 	 |1022 	|  1022  	|   1022 	|  1022 	 | 
 | AS42572 			|  1 				 |   113 	 |113 	|  113  	|   113 	|  113  	 |
 | AS45152 			|  1 				 |   72 	 |72 	|  72    	|   72  	|  72   	 |
 | AS8803 			|  3 				 |   2554 	 |2555 	|  2554  	|   2554 	|  2554 	 | 
 | AS42612 			|  2 				 |   3783 	 |3783 	|  3783  	|   3783 	|  3783 	 | 
 | AS42976 			|  3 				 |   4117 	 |4117 	|  4117  	|   4117 	|  4117 	 | 
 | AS7753 			|  1 				 |   4173 	 |4173 	|  4173  	|   4173 	|  4173 	 | 
 | AS12874 			|  23 				 |   1821 	 |1821 	|  1711  	|   1821 	|  1821 	 | 
 | AS15557 			|  3 				 |   1184 	 |1184 	|  1184  	|   1184 	|  1184 	 | 
 | AS1930 			|  2 				 |   2204 	 |2208 	|  2204  	|   2208 	|  2204 	 | 
 | AS15555 			|  1 				 |   1523 	 |1523 	|  1523  	|   1523 	|  1523 	 | 
 | AS15418 			|  6 				 |   3011 	 |3011 	|  3011  	|   3011 	|  3011 	 | 
 | AS30818 			|  1 				 |   1531 	 |1531 	|  1531  	|   1531 	|  1531 	 | 
 | AS24673 			|  1 				 |   3060 	 |3060 	|  3060  	|   3060 	|  3060 	 |
 | AS24679 			|  1 				 |   1307 	 |1307 	|  1307  	|   1307 	|  1307 	 | 
 | AS5379 			|  1 				 |   2627 	 |2627 	|  2627  	|   2627 	|  2627 	 | 
 | AS3926 			|  1 				 |   571 	 |571 	|  571  	|   571 	|  571  	 |
 | AS9534 			|  1 				 |   1902 	 |1902 	|  1902  	|   1902 	|  1902 	 | 
 | AS15630 			|  1 				 |   2428 	 |2428 	|  2428  	|   2428 	|  2428 	 | 
 | AS11233 			|  1 				 |   4476 	 |4476 	|  4476  	|   4476 	|  4476 	 | 
 | AS6539 			|  1 				 |   4499 	 |4499 	|  4499  	|   4499 	|  4499 	 | 
 | AS32369 			|  2 				 |   3726 	 |3726 	|  3726  	|   3726 	|  3726 	 | 
 | AS1982 			|  2 				 |   3660 	 |3660 	|  3660  	|   3660 	|  3660 	 | 
 | AS44515 			|  1 				 |   968 	 |968 	|  968  	|   968 	|  968  	 |
 | AS6327 			|  239 				 |   304 	 |304 	|  304  	|   304 	|  304  	 |
 | AS8613 			|  1 				 |   3130 	 |3130 	|  3130  	|   3130 	|  3130 	 | 
 | AS8612 			|  3 				 |   1749 	 |1749 	|  1749  	|   1749 	|  1749 	 | 
 | AS8591 			|  1 				 |   2348 	 |2348 	|  2348  	|   2348 	|  2348 	 | 
 | AS210 			|  13 				 |   3712 	 |3712 	|  3709  	|   3712 	|  3712 	 | 
 | AS2648 			|  1 				 |   3789 	 |3789 	|  3789  	|   3789 	|  3789 	 | 
 | AS8758 			|  7 				 |   2966 	 |2966 	|  2966  	|   2966 	|  2966 	 | 
 | AS24958 			|  3 				 |   947 	 |948 	|  947  	|   948 	|  948  	 |
 | AS19089 			|  1 				 |   205 	 |205 	|  205  	|   205 	|  205  	 |
 | AS2641 			|  3 				 |   3624 	 |3624 	|  3624  	|   3624 	|  3624 	 | 
 | AS15083 			|  28 				 |   863 	 |864 	|  863  	|   864 	|  864  	 |
 | AS29164 			|  1 				 |   3071 	 |3071 	|  3071  	|   3071 	|  3071 	 | 
 | AS11489 			|  1 				 |   572 	 |572 	|  572  	|   572 	|  572 	     |
 | AS11520 			|  1 				 |   4212 	 |4212 	|  4212  	|   4212 	|  4212 	 | 
 | AS12617 			|  1 				 |   990 	 |990 	|  990  	|   990 	|  990  	 |
 | AS6400 			|  4 				 |   1031 	 |1031 	|  1030  	|   1031 	|  1031 	 | 
 | AS29671 			|  1 				 |   973 	 |973 	|  973  	|   973 	|  973  	 |
 | AS1842 			|  4 				 |   3890 	 |3890 	|  3890  	|   3890 	|  3890 	 | 
 | AS16206 			|  2 				 |   2446 	 |2446 	|  2446  	|   2446 	|  2446 	 | 
 | AS52 			|  1 				 |   4464 	 |4464 	|  4464  	|   4464 	|  4464 	 | 
 | AS1205 			|  4 				 |   108 	 |111 	|  108  	|   108 	|  108  	 |
 | AS8508 			|  3 				 |   2168 	 |2169 	|  2168  	|   2169 	|  2168 	 | 
 | AS5033 			|  1 				 |   4186 	 |4186 	|  4186  	|   4186 	|  4186 	 | 
 | AS23352 			|  1 				 |   1877 	 |1877 	|  1877  	|   1877 	|  1877 	 | 
 | AS15395 			|  6 				 |   3061 	 |3061 	|  3061  	|   3061 	|  3061 	 | 
 | AS11798 			|  18 				 |   3824 	 |3824 	|  3822  	|   3824 	|  3824 	 | 
 | AS36017 			|  3 				 |   4475 	 |4474 	|  4473  	|   4475 	|  4475 	 | 
 | AS14545 			|  1 				 |   4155 	 |4155 	|  4155  	|   4155 	|  4155 	 | 
 | AS55454 			|  3 				 |   2031 	 |2032 	|  2031  	|   2032 	|  2032 	 | 
 | AS36850 			|  4 				 |   3656 	 |3657 	|  3655  	|   3657 	|  3656 	 | 
 | AS40619 			|  4 				 |   3526 	 |3525 	|  3526  	|   3525 	|  3525 	 | 
 | AS30496 			|  10 				 |   4258 	 |4258 	|  4258  	|   4258 	|  4258 	 | 
 | AS16276 			|  8 				 |   1201 	 |1201 	|  1191  	|   1201 	|  1201 	 | 
 | AS24731 			|  1 				 |   2308 	 |2308 	|  2308  	|   2308 	|  2308 	 | 
 | AS5537 			|  2 				 |   2288 	 |2295 	|  2288  	|   2295 	|  2295 	 | 
 | AS8473 			|  3 				 |   2516 	 |2516 	|  2516  	|   2516 	|  2516 	 | 
 | AS13367 			|  10 				 |   3738 	 |3738 	|  3750  	|   3738 	|  3738 	 | 
 | AS11664 			|  1 				 |   9  	 |9 	|  9    	|   9   	|  9    	 |
 | AS12469 			|  1 				 |   2016 	 |2016 	|  2016  	|   2016 	|  2016 	 | 
 | AS5693 			|  9 				 |   4250 	 |4250 	|  4250  	|   4250 	|  4250 	 | 
 | AS2547 			|  1 				 |   1515 	 |1515 	|  1515  	|   1515 	|  1515 	 | 
 | AS12312 			|  4 				 |   1365 	 |1367 	|  1365  	|   1365 	|  1365 	 | 
 | AS30083 			|  2 				 |   4339 	 |4339 	|  4339  	|   4339 	|  4339 	 | 
 | AS33517 			|  8 				 |   1997 	 |1997 	|  1997  	|   1997 	|  1997 	 | 
 | AS8218 			|  1 				 |   966 	 |966 	|  966  	|   966 	|  966 	     |
 | AS4267 			|  1 				 |   4044 	 |4044 	|  4044  	|   4044 	|  4044 	 | 
 | AS4618 			|  3 				 |   2621 	 |2621 	|  2621  	|   2621 	|  2621 	 | 
 | AS33968 			|  1 				 |   3109 	 |3109 	|  3109  	|   3109 	|  3109 	 | 
 | AS4616 			|  1 				 |   1508 	 |1508 	|  1508  	|   1508 	|  1508 	 | 
 | AS5624 			|  1 				 |   1014 	 |1014 	|  1014  	|   1014 	|  1014 	 | 
